package-lock.json
  h_da978aeed56e72 1-18266
package.json
  h_da978aeed56e72 25-26
yarn.lock
  h_da978aeed56e72 7,12,17,25,35,46,51,59,70,81,92,103,108,113,120,127,132,137,146,149,151,172,183,190,201,214,223,234,239,247,255,264,271,276,285,294,302,307,312,317,326,334,341,349,356,363,371,380,388,393,400,407,414,421,429,436,445,454,461,468,476,484,496,504,512,520,527,535,542,550,557,564,572,581,588,595,602,609,617,625,635,643,651,658,665,672,683,691,698,706,713,721,730,737,744,751,758,765,776,784,791,799,806,813,821,828,835,842,853,860,868,876,884,961,970,982,993,1004,1016,1025,1038,1046,1053,1063,1073,1086,1098,1107,1116,1123,1131,1133,1143,1148,1153,1158,1163,1171,1177,1179,1182,1184,1189,1192,1194,1197,1199,1204,1209,1214,1219,1221,1230,1238,1246,1251,1253,1267,1270-1273,1277,1297,1302,1309,1317,1324,1353,1358,1363,1368,1379,1389,1397,1405,1419,1432,1441,1450,1459,1467,1475,1483,1488,1493,1501,1509,1517,1525,1534,1543,1559,1575,1584,1592,1602,1611,1622,1632,1635-1639,1642,1649,1654,1659,1667,1675,1680,1685,1693,1698,1703,1710,1719,1726,1731,1791,1798,1807,1817,1829,1859,1862,1864,1875,1888,1890,1914,1921,1943,1948,1955,1962,1964,1980,1988,1993,2003,2010,2019,2027,2035,2040,2045,2052,2060,2068,2077,2082,2090,2097,2102,2110,2115,2120,2130,2135,2140,2148,2153,2158,2180,2182,2207,2276,2278,2286,2288-2298,2308,2335,2340,2349,2356,2361,2368,2375,2382,2392,2404,2409,2412-2416,2419,2425,2427,2434,2449,2459,2464,2474,2481,2486,2493,2500,2516,2530,2545,2554-2564,2567,2577,2584,2589,2616,2618,2633,2649,2672,2680,2688,2693,2695,2701,2703-2711,2719,2735,2749,2751,2761,2763,2770,2799,2807,2812,2834,2839,2844,2849,2856,2863,2871,2879,2890,2895,2904,2916,2923,2930,2935,2940,2951,2958,2966,2973,2978,2983,2988,2993,3005,3010,3018,3021,3028,3033,3048,3064,3069,3074,3123,3136,3148,3155,3160,3165,3170,3179,3184,3196,3209,3228-3232,3240,3245,3250,3265,3272,3284,3296,3301,3306,3324,3354,3395,3400,3410,3432,3449,3454,3463,3471,3483,3486,3488,3493,3504,3509,3518,3525,3530,3542,3547,3569,3583,3598,3600,3611,3616,3623,3628,3644,3654,3672,3677,3687,3695,3702,3715,3720,3725,3730,3735,3755,3770,3777,3782,3787,3794,3799,3806,3811,3816,3826,3835,3840,3865,3870,3877,3882,3887,3897,3905,3912,3917,3924,3929,3943,3952,3957,3968,3977,3985,3995,4003,4016-4020,4023,4033,4041,4049,4054,4059,4076-4097,4106,4111,4118,4125,4158,4163,4171,4185,4203,4208,4213,4244,4263,4272,4277,4284,4291,4300,4305,4314,4324,4334,4339,4344,4354,4359,4374,4379,4384,4427,4432,4451,4456,4472,4498,4535,4538,4586,4678,4734,4744-4750,4770,4775,4780,4787,4792,4797,4804,4809-4813,4816,4834,4837,4844,4870,4877,4882,4889,4896,4908,4913,4934,4943,4948,4976,4990,5006,5015,5045,5055,5075,5080,5092,5094-5126,5142,5152,5159,5169,5174,5182,5198,5222,5236,5297,5300,5312,5319,5326,5331,5334-5338,5341,5370,5387,5399,5413,5420,5427,5438,5448,5455,5460,5467,5474,5479,5486,5493,5498,5506,5514,5519,5522,5524,5529,5534-5540,5556,5566,5571,5582,5589,5594,5597-5601,5613,5618,5677,5691,5696,5706,5716,5728,5733,5738,5743,5748,5755,5763,5795,5800,5805,5812,5825,5842,5872,5904,5916,5926,5931,5936,5942-5950,5952,5972-5979,5982,6008,6035,6062,6067,6075,6080,6095,6106,6118,6123,6128,6141,6146,6163,6168,6186,6191,6198,6213,6218,6223,6233,6238,6244,6253,6258,6263,6277,6283,6285,6297,6302,6307,6312,6317,6325,6332,6337,6355,6358-6362,6365,6372,6379,6384,6389,6408,6413,6418,6425,6432,6439,6444,6449,6457,6463,6470,6473-6477,6480,6485,6488,6490,6495,6498,6500-6510,6520,6530,6542,6569,6577,6587,6606,6614,6621,6641,6704,6709,6714,6726,6731,6738,6771,6785,6799,6813,6818,6826,6831,6836,6843,6855,6868,6877,6882,6889,6896,6916,6926,6936,6941,6950,6960,6963-6968,6973-6978,6980,6990,6995,7000,7007,7014,7021,7026,7075,7086,7093-7101,7104,7109,7119,7124,7131,7136,7152,7157,7162,7170,7178,7187,7197,7212,7217,7224,7229,7231,7234,7236,7243,7248,7265,7272-7277,7284,7289,7298,7303,7322,7324,7336,7345,7356,7367-7375,7378,7390,7397,7407,7414,7438,7450,7457,7465,7470,7477,7482,7487,7497,7511,7530,7550,7585,7590,7602,7607,7610,7612,7617,7619,7624,7627-7631,7643,7646,7648,7755,7762,7767,7774,7779,7789,7792,7794,7804-7818,7821,7833,7838,7845,7871,7876,7881,7899,7909,7914,7922,7927,7932,7940,7945,7953,7958,7963,7968,7973,7978,7985-7998,8001,8010,8019,8064-8071,8073,8085,8095,8098,8100,8117,8129,8141,8154,8162,8198,8209,8219,8230,8237,8249,8257,8272,8280,8285,8290,8297,8311,8318,8325,8332,8339,8344,8359,8371,8376-8385,8393,8395,8404,8423,8428,8431-8438,8440,8456,8463,8468,8475,8490,8495,8500,8508,8513,8518,8523,8528,8537,8544,8560,8575,8580,8587,8592,8597,8602,8607,8613,8615,8625,8628-8633,8635,8645,8650,8655,8663,8674,8681,8683,8697,8702,8709,8714,8719,8724,8731,8736,8741,8749,8798,8805,8812,8824,8829,8838,8847,8861,8866,8874,8882,8887,8892,8895,8897,8907,8917,8925,8927,8937,8942,8947,8952
---
{
  "schema_version": "authorship/3.0.0",
  "git_ai_version": "1.7.4",
  "base_commit_sha": "c5ccbecbdf1bf1ce45f6b1be0d55e3c72e52b4ea",
  "prompts": {},
  "humans": {
    "h_da978aeed56e72": {
      "author": "Elson Otake <elsonotake@yahoo.com.br>"
    }
  }
}